-----METADATA
4770
4117
male
16515
False
True
True
True
<EMPTY>
2907
-----ADDED
:2, 5, 23, 47, 191, 383, 6143, 786431, 51539607551, 824633720831, OEIS A007505 :0, 1, 2, 3, 4, 6, 7, 11, 18, 34, 38, 43, 55, 64, 76, 94, 103, 143, 206, 216, 306, 324, 391, 458, 470, 827, 1274, 3276, 4204, 5134, 7559, 12676, 14898, 18123, 18819, 25690, 26459, 41628, 51387, 71783, 80330, 85687, 88171, 97063, 123630, 155930, 164987, 234760, 414840, 584995, 702038, 727699, 992700, 1201046, 1232255, 2312734, 3136255, 4235414 OEIS id A002235 
-----DELETED
:2, 5, 11, 23, 47, 191, 383, 6143, 786431, 51539607551, 824633720831, OEIS2C id A007505 :0, 1, 2, 3, 4, 6, 7, 18, 34, 38, 43, 55, 64, 76, 94, 103, 143, 206, 216, 306, 324, 391, 458, 470, 827, 1274, 3276, 4204, 5134, 7559, 12676, 14898, 18123, 18819, 25690, 26459, 41628, 51387, 71783, 80330, 85687, 88171, 97063, 123630, 155930, 164987, 234760, 414840, 584995, 702038, 727699, 992700, 1201046, 1232255, 2312734, 3136255, 4235414 OEIS2C A002235 