-----METADATA
116304
158862
unknown
15992
False
True
True
True
[[wp:datescript]]-assisted date/terms audit; see [[wp:unlinkdates]], [[wp:overlink]]
15432
-----ADDED
19 04 2009 05 10 2008 12 04 2008 16 12 2007 13 12 2007 21 10 2007 29 04 2007 29 10 2006 02 07 2006 28 06 2006 09 04 2006 08 09 2005 10 04 2005 01 08 2004 08 02 2004 31 08 2003 16 03 2003 10 11 2002 11 05 2002 09 09 2001 31 03 2001 05 11 2000 17 06 2000 15 12 1999 06 11 1999 12 06 1999 07 03 1999 27 09 1998 26 04 1998 02 11 1997 20 04 1997 13 10 1996 25 07 1996 08 10 1995 15 05 1995 02 10 1994 15 05 1994 15 08 1993 25 10 1992 12 07 1992 13 10 1991 18 09 1991 01 11 1990 29 07 1990 11 01 1989 18 09 1988 26 12 1987 29 10 1987 16 11 1986 03 08 1986 05 01 1986 01 09 1985 25 11 1984 16 09 1984 04 02 1984 18 09 1983 01 01 1983 26 09 1982 13 12 1981 27 08 1981 27 09 1980 01 06 1980 17 11 1979 22 07 1979 12 11 1978 09 07 1978 26 11 1977 01 07 1977 31 10 1976 04 07 1976 18 11 1972 23 07 1972 04 10 1964 31 05 1964 20 10 1963 16 06 1963 19 01 1963 16 09 1962 04 11 1961 16 07 1961 11 11 1959 03 11 1959 05 06 1959 29 09 1940 12 05 1940 23 09 1939 23 07 1939 18 12 1938 07 08 1938 
-----DELETED
2009 2008 2008 2007 2007 2007 2007 2006 2006 2006 2006 2005 2005 2004 2004 2003 2003 2002 2002 2001 2001 2000 2000 1999 1999 1999 1999 1998 1998 1997 1997 1996 1996 1995 1995 1994 1994 1993 1992 1992 1991 1991 1990 1990 1989 1988 1987 1987 1986 1986 1986 1985 1984 1984 1984 1983 1983 1982 1981 1981 1980 1980 1979 1979 1978 1978 1977 1977 1976 1976 1972 1972 1964 1964 1963 1963 1963 1962 1961 1961 1959 1959 1959 1940 1940 1939 1939 1938 1938 